20
25 0.674 0.528 0.625 0.971 0.805 0.782 0.177
5 0.360 0.102 0.939 0.331 0.806 0.837 0.328
80 0.580 0.480 0.189 0.356 0.890 0.732 0.662
1 1.000 0.000 1.000 1.000 1.000 1.000 1.000
13 0.556 0.023 0.797 0.208 0.603 0.820 0.890
2 0.600 0.200 0.500 0.100 1.000 0.100 1.000
93 0.840 0.170 0.216 0.738 0.031 0.854 0.345
8 0.838 0.389 0.829 0.592 0.594 0.669 0.480
26 0.928 0.246 0.915 0.726 0.009 0.732 0.041
32 0.958 0.820 0.554 0.677 0.849 0.905 0.797
42 0.890 0.226 0.829 0.910 0.700 0.045 0.566
64 0.219 0.179 0.825 0.561 0.154 0.754 0.543
73 0.733 0.648 0.371 0.866 0.469 0.782 0.003
7 0.646 0.195 0.437 0.617 0.120 0.642 0.828
53 0.355 0.185 0.299 0.939 0.295 0.063 0.155
38 0.887 0.847 0.004 0.716 0.148 0.543 0.058
1 0.800 0.100 0.500 0.500 0.500 0.500 0.500
99 0.882 0.661 0.805 0.288 0.495 0.955 0.788
50 0.578 0.060 0.723 0.176 0.456 0.935 0.488
86 0.633 0.095 0.166 0.183 0.960 0.823 0.176
